1 8 12345 7 512
4 23 2 12345 13 64 1000 999999 10 12 6416
1 9 54321 6 1024
1 12 88888 11 512
4 15 3 10000 5 128 5000 120000 12 7 1024
1 8 11111 4 256
4 12 1 5000 7 96 2048 250000 9 15 512
1 11 98765 2 128
4 20 4 54321 6 48 1024 111111 8 10 2048
1 6 23456 5 1024
4 10 0 99999 14 256
1 10 111111 3 768
4 18 3 123456 5 128 60000 70000 12 11 1024
1 7 23456
4 19 4 654321 9 64 512 543211 11 12 256
1 9 22334 8 1024
1 9 54321 12 64
4 22 2 33333 4 32 2048 987654 13 8 4096
1 12 66666 10 256
4 30 1 12345 5 128
4 25 1 55555 12 56 128 876543 5 9 2048
1 10 44444 11 512
4 19 4 88888 9 64 512 432111 11 6 1024
1 8 77777 3 768
4 16 2 123123 7 128 256 765432 14 12 1280
1 10 55555
4 18 0
1 11 76543 10 1024
4 24 3 98765 8 96 1024 654321 12 14 2048
1 8 88888 4
